1.000000000000000056e-01
1.023292992280754182e-01
1.047128548050899610e-01
1.071519305237606523e-01
1.096478196143185063e-01
1.122018454301963591e-01
1.148153621496882937e-01
1.174897554939529770e-01
1.202264434617412725e-01
1.230268770812381479e-01
1.258925411794167282e-01
1.288249551693133876e-01
1.318256738556407015e-01
1.348962882591653589e-01
1.380384264602884936e-01
1.412537544622754493e-01
1.445439770745927666e-01
1.479108388168207666e-01
1.513561248436207929e-01
1.548816618912481069e-01
1.584893192461113431e-01
1.621810097358929725e-01
1.659586907437560488e-01
1.698243652461744191e-01
1.737800828749375415e-01
1.778279410038922925e-01
1.819700858609983596e-01
1.862087136662867459e-01
1.905460717963247397e-01
1.949844599758045471e-01
1.995262314968879735e-01
2.041737944669529681e-01
2.089296130854039757e-01
2.137962089502232488e-01
2.187761623949552869e-01
2.238721138568339486e-01
2.290867652767772933e-01
2.344228815319921999e-01
2.398832919019490417e-01
2.454708915685030468e-01
2.511886431509580131e-01
2.570395782768863380e-01
2.630267991895381408e-01
2.691534803926915465e-01
2.754228703338166273e-01
2.818382931264453717e-01
2.884031503126605611e-01
2.951209226666385299e-01
3.019951720402015982e-01
3.090295432513590623e-01
3.162277660168379412e-01
3.235936569296282705e-01
3.311311214825911065e-01
3.388441561392025458e-01
3.467368504525316641e-01
3.548133892335754713e-01
3.630780547701014105e-01
3.715352290971725147e-01
3.801893963205611460e-01
3.890451449942805562e-01
3.981071705534972027e-01
4.073802778041127337e-01
4.168693834703354195e-01
4.265795188015926720e-01
4.365158322401659907e-01
4.466835921509631491e-01
4.570881896148750734e-01
4.677351412871982306e-01
4.786300923226384230e-01
4.897788193684461389e-01
5.011872336272722439e-01
5.128613839913648276e-01
5.248074602497725394e-01
5.370317963702526676e-01
5.495408738576245122e-01
5.623413251903490728e-01
5.754399373371569260e-01
5.888436553555890240e-01
6.025595860743577781e-01
6.165950018614821948e-01
6.309573444801933606e-01
6.456542290346556356e-01
6.606934480075958849e-01
6.760829753919816998e-01
6.918309709189364165e-01
7.079457843841379105e-01
7.244359600749900041e-01
7.413102413009174940e-01
7.585775750291837705e-01
7.762471166286917246e-01
7.943282347242814900e-01
8.128305161640992926e-01
8.317637711026710789e-01
8.511380382023765456e-01
8.709635899560805861e-01
8.912509381337454517e-01
9.120108393559096527e-01
9.332543007969910098e-01
9.549925860214358853e-01
9.772372209558106704e-01
1.000000000000000000e+00
1.023292992280754099e+00
1.047128548050899610e+00
1.071519305237606412e+00
1.096478196143185091e+00
1.122018454301963564e+00
1.148153621496882826e+00
1.174897554939529742e+00
1.202264434617413169e+00
1.230268770812381840e+00
1.258925411794167504e+00
1.288249551693134265e+00
1.318256738556407459e+00
1.348962882591653312e+00
1.380384264602884548e+00
1.412537544622753938e+00
1.445439770745927222e+00
1.479108388168207222e+00
1.513561248436207984e+00
1.548816618912481236e+00
1.584893192461113376e+00
1.621810097358929781e+00
1.659586907437560432e+00
1.698243652461744357e+00
1.737800828749375359e+00
1.778279410038922759e+00
1.819700858609983429e+00
1.862087136662867515e+00
1.905460717963247230e+00
1.949844599758045582e+00
1.995262314968879735e+00
2.041737944669529625e+00
2.089296130854039646e+00
2.137962089502232654e+00
2.187761623949552980e+00
2.238721138568339875e+00
2.290867652767773599e+00
2.344228815319922887e+00
2.398832919019489918e+00
2.454708915685029691e+00
2.511886431509579687e+00
2.570395782768863491e+00
2.630267991895381297e+00
2.691534803926915131e+00
2.754228703338166273e+00
2.818382931264453717e+00
2.884031503126605500e+00
2.951209226666385632e+00
3.019951720402016093e+00
3.090295432513590512e+00
3.162277660168379523e+00
3.235936569296282705e+00
3.311311214825911176e+00
3.388441561392025569e+00
3.467368504525316641e+00
3.548133892335755046e+00
3.630780547701013994e+00
3.715352290971726035e+00
3.801893963205612792e+00
3.890451449942806672e+00
3.981071705534973137e+00
4.073802778041128114e+00
4.168693834703354639e+00
4.265795188015925277e+00
4.365158322401658353e+00
4.466835921509630047e+00
4.570881896148749846e+00
4.677351412871980862e+00
4.786300923226383119e+00
4.897788193684461611e+00
5.011872336272721995e+00
5.128613839913648498e+00
5.248074602497725394e+00
5.370317963702526676e+00
5.495408738576245788e+00
5.623413251903491172e+00
5.754399373371569482e+00
5.888436553555889574e+00
6.025595860743577781e+00
6.165950018614822170e+00
6.309573444801933384e+00
6.456542290346556356e+00
6.606934480075961069e+00
6.760829753919819218e+00
6.918309709189365719e+00
7.079457843841380438e+00
7.244359600749902484e+00
7.413102413009177383e+00
7.585775750291835706e+00
7.762471166286915469e+00
7.943282347242813124e+00
8.128305161640991372e+00
8.317637711026709013e+00
8.511380382023762792e+00
8.709635899560804972e+00
8.912509381337454073e+00
9.120108393559096527e+00
9.332543007969910320e+00
9.549925860214358408e+00
9.772372209558106704e+00
1.000000000000000000e+01
1.023292992280753566e+01
1.047128548050899610e+01
1.071519305237606012e+01
1.096478196143185180e+01
1.122018454301962898e+01
1.148153621496882870e+01
1.174897554939529165e+01
1.202264434617413080e+01
1.230268770812381085e+01
1.258925411794167459e+01
1.288249551693133554e+01
1.318256738556407370e+01
1.348962882591653312e+01
1.380384264602885303e+01
1.412537544622754027e+01
1.445439770745928065e+01
1.479108388168207178e+01
1.513561248436208651e+01
1.548816618912481147e+01
1.584893192461114175e+01
1.621810097358929781e+01
1.659586907437561365e+01
1.698243652461744446e+01
1.737800828749376336e+01
1.778279410038922848e+01
1.819700858609982674e+01
1.862087136662867692e+01
1.905460717963246253e+01
1.949844599758045405e+01
1.995262314968878670e+01
2.041737944669529625e+01
2.089296130854038580e+01
2.137962089502232388e+01
2.187761623949552003e+01
2.238721138568340052e+01
2.290867652767772356e+01
2.344228815319922532e+01
2.398832919019490006e+01
2.454708915685031201e+01
2.511886431509579509e+01
2.570395782768864734e+01
2.630267991895381385e+01
2.691534803926916553e+01
2.754228703338166184e+01
2.818382931264455138e+01
2.884031503126605855e+01
2.951209226666387053e+01
3.019951720402016093e+01
3.090295432513591933e+01
3.162277660168379256e+01
3.235936569296281107e+01
3.311311214825911264e+01
3.388441561392023971e+01
3.467368504525316553e+01
3.548133892335753359e+01
3.630780547701014171e+01
3.715352290971723903e+01
3.801893963205612437e+01
3.890451449942804629e+01
3.981071705534973404e+01
4.073802778041125805e+01
4.168693834703355350e+01
4.265795188015925277e+01
4.365158322401661195e+01
4.466835921509630225e+01
4.570881896148751622e+01
4.677351412871981040e+01
4.786300923226384896e+01
4.897788193684461078e+01
5.011872336272725192e+01
5.128613839913648320e+01
5.248074602497728591e+01
5.370317963702527209e+01
5.495408738576248453e+01
5.623413251903490817e+01
5.754399373371566639e+01
5.888436553555889930e+01
6.025595860743574406e+01
6.165950018614822170e+01
6.309573444801930009e+01
6.456542290346556001e+01
6.606934480075958049e+01
6.760829753919819041e+01
6.918309709189362877e+01
7.079457843841380793e+01
7.244359600749898220e+01
7.413102413009177383e+01
7.585775750291836061e+01
7.762471166286920266e+01
7.943282347242814012e+01
8.128305161640994925e+01
8.317637711026708303e+01
8.511380382023767766e+01
8.709635899560805683e+01
8.912509381337459047e+01
9.120108393559097237e+01
9.332543007969914584e+01
9.549925860214358408e+01
9.772372209558110967e+01
1.000000000000000000e+02
1.023292992280753566e+02
1.047128548050899610e+02
1.071519305237605977e+02
1.096478196143185073e+02
1.122018454301963004e+02
1.148153621496882835e+02
1.174897554939529130e+02
1.202264434617413116e+02
1.230268770812381121e+02
1.258925411794167530e+02
1.288249551693133697e+02
1.318256738556407299e+02
1.348962882591653170e+02
1.380384264602885196e+02
1.412537544622753956e+02
1.445439770745927888e+02
1.479108388168207284e+02
1.513561248436208757e+02
1.548816618912481147e+02
1.584893192461114211e+02
1.621810097358929852e+02
1.659586907437561365e+02
1.698243652461744375e+02
1.737800828749376194e+02
1.778279410038922776e+02
1.819700858609982674e+02
1.862087136662867408e+02
1.905460717963246395e+02
1.949844599758045547e+02
1.995262314968878741e+02
2.041737944669529554e+02
2.089296130854038722e+02
2.137962089502232459e+02
2.187761623949551790e+02
2.238721138568340052e+02
2.290867652767772427e+02
2.344228815319922603e+02
2.398832919019489793e+02
2.454708915685031059e+02
2.511886431509579722e+02
2.570395782768864592e+02
2.630267991895381670e+02
2.691534803926916766e+02
2.754228703338166042e+02
2.818382931264454783e+02
2.884031503126605571e+02
2.951209226666387053e+02
3.019951720402016235e+02
3.090295432513592004e+02
3.162277660168379612e+02
3.235936569296280823e+02
3.311311214825910838e+02
3.388441561392023686e+02
3.467368504525316553e+02
3.548133892335753217e+02
3.630780547701014029e+02
3.715352290971724187e+02
3.801893963205612863e+02
3.890451449942804629e+02
3.981071705534973262e+02
4.073802778041126089e+02
4.168693834703354923e+02
4.265795188015925419e+02
4.365158322401661053e+02
4.466835921509630225e+02
4.570881896148752048e+02
4.677351412871981324e+02
4.786300923226385180e+02
4.897788193684461362e+02
5.011872336272724624e+02
5.128613839913648462e+02
5.248074602497728165e+02
5.370317963702526640e+02
5.495408738576247742e+02
5.623413251903490391e+02
5.754399373371566071e+02
5.888436553555890214e+02
6.025595860743575258e+02
6.165950018614821602e+02
6.309573444801930009e+02
6.456542290346556001e+02
6.606934480075957481e+02
6.760829753919819041e+02
6.918309709189362593e+02
7.079457843841380509e+02
7.244359600749899073e+02
7.413102413009177099e+02
7.585775750291835493e+02
7.762471166286919697e+02
7.943282347242812875e+02
8.128305161640995493e+02
8.317637711026708303e+02
8.511380382023768334e+02
8.709635899560805683e+02
8.912509381337458763e+02
9.120108393559096385e+02
9.332543007969915152e+02
9.549925860214359545e+02
9.772372209558111535e+02
1.000000000000000000e+03
